99
733.7311306991223 974.0357560324312
212.42181584722263 118.89164048212697
309.1110389701304 186.8687165455064
117.30352789036935 656.7141606776512
733.9894145829713 731.5095621027099
632.6040503437906 97.24440515321942
923.3698746002208 666.0704064407619
988.6197062654057 48.89140402828729
72.34419893958999 736.5729204912049
80.52243557846094 524.5792844559043
664.1847819559006 80.9896508919652
825.725664601056 169.71252099354473
809.1690560042219 447.95906544015816
131.2424891922467 566.3622530371395
50.88582189372237 238.3115267250877
1.8175130685450513 478.2404489841664
354.54273230277954 926.7759177229204
262.7730483560912 53.73853851979349
987.766694182023 27.96391939029008
520.5200467448273 974.6206202932377
315.01133547724856 402.6251442034002
38.09113190907354 381.31289846522253
83.59767877189273 444.4470860047869
372.5873274951792 407.6079815328393
195.50145505190665 484.72312373613846
634.2879505709797 747.5843329971781
317.1511906515906 706.5260135203918
69.7720377074833 0.20472421552508724
696.5383892104425 95.66838732623117
706.5697843633553 122.19305556041293
924.2477505105036 424.32076619668504
370.8687932266723 802.5609469728497
908.163405492389 649.8999857610711
655.829958724508 174.65752520930977
710.2372758109218 151.94779829574657
567.7562993895903 667.8554492747422
635.4948506446358 977.6968944399313
110.0094993957097 570.2842157008948
615.3080915496007 849.5031525738384
270.6442601524357 190.19424266159479
385.3523464430394 60.22553774259709
954.6900318171836 115.8150222623523
196.1785324771823 269.0079597822789
74.20552316919627 267.91339103254586
926.8033806141549 468.80153255234455
313.2196952194466 928.7104852829865
178.17821508354058 158.903047378548
136.43314486619417 129.64409467070615
504.9594752924527 672.4773070285632
907.1635328454713 878.9925221346133
581.0942139821442 132.26962062255265
269.02017060949356 817.745884834667
689.7275072338265 527.600371266597
925.6654719518029 816.2853234698022
604.947388469272 219.2363343162096
710.7960800909859 63.19466643200167
909.1929373388208 332.7660764199357
646.1124997348078 35.4304321858413
97.72246578601873 1.7138620400442006
682.6449543053808 584.0221926884848
734.1436958043352 968.0677174577405
25.996053901720217 551.7962920122167
30.768296104097594 858.8957817043291
346.9447781153372 176.89937163558133
688.1518442552028 749.4594447155293
129.77175445231492 406.8810491917039
625.0443736095594 284.1890580410467
693.1772893496859 621.3655085782697
657.6770363656508 141.61336646801524
468.38548608234345 748.9594127889004
854.2392238159053 362.94128960461416
517.2338010116662 20.162015344833417
4.854783069748403 676.6313122185038
652.8592309876676 426.5325040708527
371.86927233946466 779.9036855970812
298.49326697975755 990.926929499634
393.50563310927976 621.6135457160924
794.4773719015016 710.7163680819868
235.4048066560993 957.4971451453393
241.28491508105589 402.64141471433555
772.7181560978735 986.5516873246335
212.98502739386782 853.1383952239079
482.11351030603964 674.4748933266687
431.12561087470834 743.1844083322638
867.4677029930234 894.6822179913258
394.45404187938027 996.0208396517206
527.0505740236424 454.70863700103325
597.7142858574988 234.55893973598896
708.5874008416121 573.6888704777356
666.6260429243073 141.65011823449836
114.80318928902766 738.7682588206887
519.9462844301116 330.2167790522318
34.09882486653615 65.08347910911283
841.9414081327956 85.72966226336298
817.7360481786409 79.50694981064376
384.0006184854274 115.0146459088719
730.9197534348996 280.28235320654795
42.021620657925254 74.1911782202418
378.6688087116543 558.8363531357493